    03        13        23        33        43        53        63
unsorted
Bc  723       1378      1826      2076      2308      2865     3454
Bt  658       1150      1431      1630      1802      2280     2552

unsorted
Ac  531       725       991       1036      1124      1380      1434
At  453       688       947       1200      1215      1525      1676

sorted
Bc  836       1991      2715      3092      3484      3846      4027
Bt  900       1416      1643      1990      1966      2158      2306

sorted
Ac  717       1058      1146      1158      1174      1216      1224
At  590       908       1057      1165      1275      1402      1510

Mc  777       1281      1739      1998      2145      2245      2344
Mt  17035     43637     74803     102763    130697    154317    183367

Tc  1113      4822      8532      12241     15950     19660     23369
Tt  7182      31624     59118     76498     101518    122031    146633
